9783746654270
9783746654287
9783746654294
9783499621000
9783499613517
9783499621901
9783424200256
9783549074312
9783423248211
9783442479474
9783446249394
9781500197667
9783570138366
9783404100262
9783424200249
9783424200232
9783499627309
9783774273733
9783442479474
9783596183302
9783868832884
9783868830644
9781841499895
9783453521957
9783442169832
9783451060786
9783499625176
9783492258494
9783499623509
9783548281421
9783827326225
9783897218826
3785721528		
	3404770005
3431036422  
  3791300431

